\fixlen=T
| object            | ra            | dec            | major | cntr            |
|char               |double         |double          |double |int              |
  55Cnce              133.154166667   28.3338888889    10.0     1                
  CoRoT-1b            102.079166667   -3.10222222222   10.0     2                
  CoRoT-10b           291.0625        0.746111111111   10.0     3                
  CoRoT-11b           280.6875        5.93777777778    10.0     4                
  CoRoT-12b           100.766666667   -1.29638888889   10.0     5                
  CoRoT-13b           102.720833333   -5.08638888889   10.0     6                
  CoRoT-14b           103.425         -5.53611111111   10.0     7                
  CoRoT-16b           278.525         -6.0025          10.0     8                
  CoRoT-17b           278.695833333   -6.61222222222   10.0     9                
  CoRoT-2b            291.779166667   1.38388888889    10.0     10               
  CoRoT-3b            292.054166667   0.121944444444   10.0     11               
  CoRoT-4b            102.195833333   0.672777777778   10.0     12               
  CoRoT-5b            101.279166667   0.815277777778   10.0     13               
  CoRoT-6b            281.075         6.66333333333    10.0     14               
  CoRoT-7b            100.954166667   -1.06277777778   10.0     15               
  CoRoT-8b            291.5875        1.42666666667    10.0     16               
  CoRoT-9b            280.7875        6.20416666667    10.0     17               
  GJ1214b             258.829166667   4.96388888889    10.0     18               
  GJ436b              175.545833333   26.7063888889    10.0     19               
  HAT-P-1b            344.445833333   38.675           10.0     20               
  HAT-P-11b           297.708333333   48.0808333333    10.0     21               
  HAT-P-12b           209.391666667   43.4936111111    10.0     22               
  HAT-P-13b           129.883333333   47.3519444444    10.0     23               
  HAT-P-14b           260.116666667   38.2422222222    10.0     24               
  HAT-P-15b           66.25           39.4605555556    10.0     25               
  HAT-P-16b           9.575           42.4630555556    10.0     26               
  HAT-P-17b           324.5375        30.4886111111    10.0     27               
  HAT-P-18b           256.35          33.0125          10.0     28               
  HAT-P-19b           9.51666666667   34.7116666667    10.0     29               
  HAT-P-2b            245.15          41.0480555556    10.0     30               
  HAT-P-20b           111.916666667   24.3363888889    10.0     31               
  HAT-P-21b           171.275         41.0280555556    10.0     32               
  HAT-P-22b           155.683333333   50.1283333333    10.0     33               
  HAT-P-23b           306.125         16.7622222222    10.0     34               
  HAT-P-24b           108.825         14.2622222222    10.0     35               
  HAT-P-25b           48.4375         25.1975          10.0     36               
  HAT-P-27_WASP-40b   222.766666667   5.94722222222    10.0     37               
  HAT-P-28b           13.0            34.7283333333    10.0     38               
  HAT-P-29b           33.1291666667   51.7788888889    10.0     39               
  HAT-P-3b            206.095833333   48.0286111111    10.0     40               
  HAT-P-30_WASP-51b   123.95          5.83666666667    10.0     41               
  HAT-P-31b           271.5375        26.4266666667    10.0     42               
  HAT-P-32b           30.2916666667   46.6877777778    10.0     43               
  HAT-P-33b           113.183333333   33.835           10.0     44               
  HAT-P-34b           303.195833333   18.105           10.0     45               
  HAT-P-35b           123.25          4.78694444444    10.0     46               
  HAT-P-36b           188.2625        44.9152777778    10.0     47               
  HAT-P-37b           284.295833333   51.2691666667    10.0     48               
  HAT-P-4b            229.991666667   36.2297222222    10.0     49               
  HAT-P-5b            274.404166667   36.6216666667    10.0     50               
  HAT-P-6b            354.775         42.4661111111    10.0     51               
  HAT-P-7b            292.245833333   47.9694444444    10.0     52               
  HAT-P-8b            343.041666667   35.4472222222    10.0     53               
  HAT-P-9b            110.166666667   37.1405555556    10.0     54               
  HATS-1b             175.525         -23.3547222222   10.0     55               
  HD149026b           247.620833333   38.3472222222    10.0     56               
  HD17156b            42.4333333333   71.7533333333    10.0     57               
  HD189733b           300.179166667   22.7108333333    10.0     58               
  HD209458b           330.791666667   18.8844444444    10.0     59               
  HD80606b            140.654166667   50.6036111111    10.0     60               
  HD97658b            168.6375        25.7102777778    10.0     61               
  KELT-2Ab            92.6625         30.9572222222    10.0     62               
  KIC10905746b        283.629166667   48.3911111111    10.0     63               
  KIC6185331b         284.275         41.535           10.0     64               
  KOI-13b             286.970833333   46.8683333333    10.0     65               
  KOI-135b            285.241666667   46.6683333333    10.0     66               
  KOI-196b            294.5125        45.9816666667    10.0     67               
  KOI-200b            293.091666667   41.3555555556    10.0     68               
  KOI-202b            286.108333333   43.6811111111    10.0     69               
  KOI-204b            300.104166667   45.7622222222    10.0     70               
  KOI-206b            297.591666667   40.9772222222    10.0     71               
  KOI-254b            292.875         41.0641666667    10.0     72               
  KOI-423b            296.958333333   46.0344444444    10.0     73               
  KOI-428b            296.8125        47.5266666667    10.0     74               
  KOI-680b            292.2875        43.1972222222    10.0     75               
  KOI-730b            298.316666667   47.2794444444    10.0     76               
  KOI-730c            298.316666667   47.2794444444    10.0     77               
  KOI-730d            298.316666667   47.2794444444    10.0     78               
  KOI-730e            298.316666667   47.2794444444    10.0     79               
  KOI-872b            289.270833333   42.6041666667    10.0     80               
  Kepler-10b          285.679166667   50.2413888889    10.0     81               
  Kepler-10c          285.679166667   50.2413888889    10.0     82               
  Kepler-11b          297.116666667   41.9091666667    10.0     83               
  Kepler-11c          297.116666667   41.9091666667    10.0     84               
  Kepler-11d          297.116666667   41.9091666667    10.0     85               
  Kepler-11e          297.116666667   41.9091666667    10.0     86               
  Kepler-11f          297.116666667   41.9091666667    10.0     87               
  Kepler-11g          297.116666667   41.9091666667    10.0     88               
  Kepler-14b          287.708333333   47.3330555556    10.0     89               
  Kepler-16(AB)b      289.075         51.7575          10.0     90               
  Kepler-17b          298.395833333   47.815           10.0     91               
  Kepler-18b          298.079166667   44.7463888889    10.0     92               
  Kepler-18c          298.079166667   44.7463888889    10.0     93               
  Kepler-18d          298.079166667   44.7463888889    10.0     94               
  Kepler-19b          290.420833333   37.8516666667    10.0     95               
  Kepler-20b          287.7           42.3386111111    10.0     96               
  Kepler-20c          287.7           42.3386111111    10.0     97               
  Kepler-20d          287.7           42.3386111111    10.0     98               
  Kepler-20e          287.7           42.3386111111    10.0     99               
  Kepler-20f          287.7           42.3386111111    10.0     100              
  Kepler-21b          287.3625        38.7138888889    10.0     101              
  Kepler-22b          289.216666667   47.8844444444    10.0     102              
  Kepler-23b          294.216666667   49.4791666667    10.0     103              
  Kepler-23c          294.216666667   49.4791666667    10.0     104              
  Kepler-24b          290.4125        38.3438888889    10.0     105              
  Kepler-24c          290.4125        38.3438888889    10.0     106              
  Kepler-25b          286.6375        39.4877777778    10.0     107              
  Kepler-25c          286.6375        39.4877777778    10.0     108              
  Kepler-26b          284.941666667   46.5666666667    10.0     109              
  Kepler-26c          284.941666667   46.5666666667    10.0     110              
  Kepler-27b          292.2375        41.0858333333    10.0     111              
  Kepler-27c          292.2375        41.0858333333    10.0     112              
  Kepler-28b          292.1375        42.4294444444    10.0     113              
  Kepler-28c          292.1375        42.4294444444    10.0     114              
  Kepler-29b          298.35          47.4911111111    10.0     115              
  Kepler-29c          298.35          47.4911111111    10.0     116              
  Kepler-30b          285.283333333   38.9472222222    10.0     117              
  Kepler-30c          285.283333333   38.9472222222    10.0     118              
  Kepler-30d          285.283333333   38.9472222222    10.0     119              
  Kepler-31b          294.025         45.8530555556    10.0     120              
  Kepler-31c          294.025         45.8530555556    10.0     121              
  Kepler-32b          297.841666667   46.5741666667    10.0     122              
  Kepler-32c          297.841666667   46.5741666667    10.0     123              
  Kepler-33b          289.079166667   46.0052777778    10.0     124              
  Kepler-33c          289.079166667   46.0052777778    10.0     125              
  Kepler-33d          289.079166667   46.0052777778    10.0     126              
  Kepler-33e          289.079166667   46.0052777778    10.0     127              
  Kepler-33f          289.079166667   46.0052777778    10.0     128              
  Kepler-34(AB)b      296.4375        44.6416666667    10.0     129              
  Kepler-35(AB)b      294.495833333   46.69            10.0     130              
  Kepler-4b           285.616666667   50.1358333333    10.0     131              
  Kepler-42b          292.220833333   44.6194444444    10.0     132              
  Kepler-42c          292.220833333   44.6194444444    10.0     133              
  Kepler-42d          292.220833333   44.6194444444    10.0     134              
  Kepler-5b           299.408333333   44.035           10.0     135              
  Kepler-6b           296.8375        48.24            10.0     136              
  Kepler-7b           288.583333333   41.0897222222    10.0     137              
  Kepler-8b           281.2875        42.4511111111    10.0     138              
  Kepler-9b           285.575         38.4008333333    10.0     139              
  Kepler-9c           285.575         38.4008333333    10.0     140              
  Kepler-9d           285.575         38.4008333333    10.0     141              
  OGLE-TR-10b         267.866666667   -29.8761111111   10.0     142              
  OGLE-TR-111b        163.325         -61.4055555556   10.0     143              
  OGLE-TR-113b        163.1           -61.4466666667   10.0     144              
  OGLE-TR-132b        162.641666667   -61.9569444444   10.0     145              
  OGLE-TR-182b        167.329166667   -61.0952777778   10.0     146              
  OGLE-TR-211b        160.0625        -62.4555555556   10.0     147              
  OGLE-TR-56b         269.145833333   -29.5391666667   10.0     148              
  OGLE2-TR-L9b        166.979166667   -61.1461111111   10.0     149              
  Qatar-1b            303.383333333   65.1619444444    10.0     150              
  Qatar-2b            207.654166667   -6.80388888889   10.0     151              
  SWEEPS-04           269.725         -29.1891666667   10.0     152              
  SWEEPS-11           269.7625        -29.1983333333   10.0     153              
  TrES-1              286.0375        36.6325          10.0     154              
  TrES-2              286.808333333   49.3163888889    10.0     155              
  TrES-3              268.029166667   37.5461111111    10.0     156              
  TrES-4              268.304166667   37.2116666667    10.0     157              
  TrES-5              305.220833333   59.4491666667    10.0     158              
  WASP-1b             5.16666666667   31.99            10.0     159              
  WASP-10b            348.991666667   31.4627777778    10.0     160              
  WASP-11_HAT-P-10b   47.3708333333   30.6736111111    10.0     161              
  WASP-12b            97.6375         29.6722222222    10.0     162              
  WASP-13b            140.104166667   33.8825          10.0     163              
  WASP-14b            218.275         21.8947222222    10.0     164              
  WASP-15b            208.929166667   -32.1597222222   10.0     165              
  WASP-16b            214.683333333   -20.2755555556   10.0     166              
  WASP-17b            239.9625        -28.0616666667   10.0     167              
  WASP-18b            24.3541666667   -45.6777777778   10.0     168              
  WASP-19b            148.416666667   -45.6591666667   10.0     169              
  WASP-2b             307.725         6.42944444444    10.0     170              
  WASP-21b            347.491666667   18.3961111111    10.0     171              
  WASP-22b            52.8166666667   -23.8197222222   10.0     172              
  WASP-23b            101.129166667   -42.7619444444   10.0     173              
  WASP-24b            227.216666667   2.34333333333    10.0     174              
  WASP-25b            195.358333333   -27.5222222222   10.0     175              
  WASP-26b            4.60416666667   -15.2672222222   10.0     176              
  WASP-28b            353.616666667   -1.58            10.0     177              
  WASP-29b            357.879166667   -39.9066666667   10.0     178              
  WASP-3b             278.633333333   35.6616666667    10.0     179              
  WASP-31b            169.4375        -19.0547222222   10.0     180              
  WASP-32b            3.9625          1.20055555556    10.0     181              
  WASP-33b            36.7125         37.5505555556    10.0     182              
  WASP-34b            165.4           -23.8605555556   10.0     183              
  WASP-36b            131.329166667   -8.02694444444   10.0     184              
  WASP-37b            221.945833333   1.065            10.0     185              
  WASP-38b            243.958333333   10.0325          10.0     186              
  WASP-39b            217.325         -3.44444444444   10.0     187              
  WASP-4b             353.5625        -42.0613888889   10.0     188              
  WASP-43b            154.908333333   -9.80638888889   10.0     189              
  WASP-44b            3.90416666667   -11.9380555556   10.0     190              
  WASP-45b            5.2375          -35.9983333333   10.0     191              
  WASP-46b            318.7375        -55.8716666667   10.0     192              
  WASP-47b            331.204166667   -12.0188888889   10.0     193              
  WASP-48b            291.1625        55.4730555556    10.0     194              
  WASP-5b             359.35          -41.2772222222   10.0     195              
  WASP-50b            43.6875         -10.8980555556   10.0     196              
  WASP-55b            208.758333333   -17.5036111111   10.0     197              
  WASP-6b             348.158333333   -22.6738888889   10.0     198              
  WASP-61b            75.3            -26.0541666667   10.0     199              
  WASP-62b            87.1416666667   -63.9883333333   10.0     200              
  WASP-63b            94.3375         -38.3233333333   10.0     201              
  WASP-66b            158.225         -34.9897222222   10.0     202              
  WASP-67b            295.745833333   -19.9494444444   10.0     203              
  WASP-7b             311.041666667   -39.2252777778   10.0     204              
  WASP-78b            63.7583333333   -22.1163888889   10.0     205              
  WASP-79b            66.3708333333   -30.6005555556   10.0     206              
  WASP-8b             359.9           -35.0313888889   10.0     207              
  XO-1b               240.55          28.1697222222    10.0     208              
  XO-2b               117.029166667   50.2258333333    10.0     209              
  XO-3b               65.4708333333   57.8169444444    10.0     210              
  XO-4b               110.3875        58.2680555556    10.0     211              
  XO-5b               116.716666667   39.0947222222    10.0     212