|   object   |   ra          |   dec         |  major       |
|   char     |   double      |  double       |  double      |
  K00001         286.808458333    49.3164          2.0
  K00002         292.247291667    47.9695222222    2.0
  K00003         297.709333333    48.0808527778    2.0
  K00004         294.356541667    38.9473805556    2.0
  K00005         289.739708333    44.6474194444    2.0
  K00007         285.615333333    50.13575         2.0
  K00010         281.288125       42.4510805556    2.0
  K00012         297.45375        41.0109888889    2.0
  K00013         286.971208333    46.8683583333    2.0
  K00017         296.83725        48.2399444444    2.0
  K00018         299.407          44.0350527778    2.0
  K00020         286.243416667    50.0403861111    2.0
  K00022         282.629625       46.3233611111    2.0
  K00041         291.386          41.9902694444    2.0
  K00042         283.150708333    45.1398333333    2.0
  K00044         300.151875       45.0896111111    2.0
  K00046         283.2555         48.3552333333    2.0
  K00049         292.249041667    46.1648222222    2.0
  K00051         295.918833333    41.3324333333    2.0
  K00054         296.564708333    43.9476138889    2.0
  K00063         289.226208333    49.5482          2.0
  K00064         296.510583333    42.5474388889    2.0
  K00068         281.89307        44.82746         2.0
  K00069         291.418291667    38.6723583333    2.0
  K00070         287.698          42.3387166667    2.0
  K00072         285.679416667    50.2413          2.0
  K00075         291.49725        42.7284805556    2.0
  K00076         293.54198        46.82214         2.0
  K00082         281.48275        47.2080305556    2.0
  K00084         290.420791667    37.8518          2.0
  K00085         288.688708333    41.1511805556    2.0
  K00087         289.2175         47.8844611111    2.0
  K00088         297.31978        43.33272         2.0
  K00089         299.821166667    43.8142694444    2.0
  K00092         283.374791667    43.7882194444    2.0
  K00094         297.333083333    41.8911222222    2.0
  K00097         288.5815         41.0898083333    2.0
  K00098         287.708833333    47.33305         2.0
  K00099         295.434333333    44.5311194444    2.0
  K00100         291.177916667    39.1994888889    2.0
  K00102         299.70475        44.43575         2.0
  K00103         291.683375       37.7515916667    2.0
  K00104         281.194625       47.4971305556    2.0
  K00105         298.936958333    44.8579111111    2.0
  K00107         294.835208333    48.9823611111    2.0
  K00108         288.984583333    40.0645277778    2.0
  K00110         284.555708333    46.0638305556    2.0
  K00111         287.604583333    42.1667777778    2.0
  K00112         295.648625       48.4955611111    2.0
  K00113         292.273625       37.6715583333    2.0
  K00115         287.887333333    46.2762416667    2.0
  K00116         300.864          44.33755         2.0
  K00117         297.028333333    48.2086111111    2.0
  K00118         287.362791667    38.6496          2.0
  K00119         292.663666667    46.1149416667    2.0
  K00122         284.4825         44.3980416667    2.0
  K00123         290.392666667    40.2848694444    2.0
  K00124         292.929166667    48.6028111111    2.0
  K00127         289.608          44.3454222222    2.0
  K00128         296.200666667    49.1401222222    2.0
  K00131         299.097458333    43.4975888889    2.0
  K00135         285.24075        46.66825         2.0
  K00137         298.079416667    44.7463194444    2.0
  K00138         295.940833333    44.57835         2.0
  K00139         291.65325        44.6882722222    2.0
  K00141         288.03825        50.6516111111    2.0
  K00142         291.148041667    40.6694          2.0
  K00144         296.524333333    39.2497611111    2.0
  K00148         299.139166667    40.9490194444    2.0
  K00149         286.630041667    38.9456          2.0
  K00150         296.980958333    43.20975         2.0
  K00151         292.37475        37.6309583333    2.0
  K00152         300.517041667    44.3815805556    2.0
  K00153         287.997916667    50.9443277778    2.0
  K00155         292.3215         43.8811666667    2.0
  K00156         294.121333333    48.3495222222    2.0
  K00157         297.115083333    41.9091416667    2.0
  K00159         297.711916667    45.2619222222    2.0
  K00161         287.051708333    40.2115527778    2.0
  K00162         295.163833333    43.9630388889    2.0
  K00163         288.067666667    42.3553694444    2.0
  K00165         292.486958333    46.1962083333    2.0
  K00166         291.021916667    37.7697916667    2.0
  K00167         294.463958333    49.7650416667    2.0
  K00168         294.218833333    49.4792222222    2.0
  K00171         294.742041667    43.5368305556    2.0
  K00172         293.260958333    44.8688888889    2.0
  K00173         291.907041667    49.26205         2.0
  K00174         296.822875       48.1075527778    2.0
  K00176         291.646791667    41.8846583333    2.0
  K00177         298.177208333    42.2370416667    2.0
  K00179         297.045458333    46.3287          2.0
  K00180         284.394291667    46.2490805556    2.0
  K00183         292.855666667    46.3911777778    2.0
  K00186         294.996291667    50.4700583333    2.0
  K00187         288.729458333    42.5508805556    2.0
  K00188         290.358          40.5677416667    2.0
  K00189         284.88           49.2669916667    2.0
  K00190         284.648833333    41.0150166667    2.0
  K00191         295.287166667    41.2219583333    2.0
  K00192         288.254541667    43.7048666667    2.0
  K00193         292.876208333    48.1953083333    2.0
  K00194         282.966166667    48.3450694444    2.0
  K00195         289.434625       49.4734          2.0
  K00196         294.513166667    45.9816388889    2.0
  K00197         290.833041667    38.18435         2.0
  K00199         295.025708333    46.956           2.0
  K00200         293.0925         41.3555166667    2.0
  K00201         287.130583333    42.35015         2.0
  K00202         286.110291667    43.6809611111    2.0
  K00203         298.395333333    47.8150111111    2.0
  K00204         300.102458333    45.7621388889    2.0
  K00205         295.496708333    42.5378916667    2.0
  K00206         297.593708333    40.9772666667    2.0
  K00208         295.307541667    38.8816416667    2.0
  K00209         288.793083333    48.0402305556    2.0
  K00211         287.970333333    47.9721          2.0
  K00212         296.13975        41.6031805556    2.0
  K00214         298.624958333    48.57745         2.0
  K00216         299.213166667    41.4248305556    2.0
  K00217         294.8655         46.28585         2.0
  K00219         297.214125       41.6640388889    2.0
  K00220         295.946416667    42.6589194444    2.0
  K00221         285.930708333    39.0981416667    2.0
  K00222         287.891625       39.3391305556    2.0
  K00223         286.162083333    39.678           2.0
  K00225         294.913291667    41.0747111111    2.0
  K00226         291.640875       41.2410388889    2.0
  K00227         284.352041667    41.5192          2.0
  K00229         290.765875       38.9279583333    2.0
  K00232         291.111875       39.9491083333    2.0
  K00234         290.358125       44.51875         2.0
  K00235         295.109958333    43.9152111111    2.0
  K00237         295.951375       43.85205         2.0
  K00238         296.998625       42.7819611111    2.0
  K00239         297.201541667    41.7302083333    2.0
  K00240         291.080125       43.8602          2.0
  K00241         286.752791667    49.0649111111    2.0
  K00242         290.6365         38.7076666667    2.0
  K00244         286.638375       39.4878805556    2.0
  K00245         284.059541667    44.5182138889    2.0
  K00246         291.032333333    49.0402722222    2.0
  K00247         284.998625       50.1467888889    2.0
  K00248         292.294583333    40.5917888889    2.0
  K00249         284.921833333    45.9724          2.0
  K00250         284.940958333    46.5665388889    2.0
  K00251         298.258125       47.6049388889    2.0
  K00252         290.4015         48.8225888889    2.0
  K00253         285.574333333    49.9622694444    2.0
  K00254         292.872916667    41.0642694444    2.0
  K00255         287.858083333    42.5426277778    2.0
  K00256         285.185125       49.5653694444    2.0
  K00257         284.635166667    40.7198305556    2.0
  K00258         284.541833333    48.9612805556    2.0
  K00260         289.347333333    44.2085111111    2.0
  K00261         297.069625       40.5251305556    2.0
  K00262         288.100875       50.0337166667    2.0
  K00263         281.273791667    47.7744          2.0
  K00264         285.68410        38.26282         2.0
  K00265         297.018833333    50.4089805556    2.0
  K00266         295.40433        42.98142         2.0
  K00268         285.728791667    38.5069722222    2.0
  K00269         287.34575        43.3783916667    2.0
  K00270         293.732833333    41.9008277778    2.0
  K00271         285.19           46.0279611111    2.0
  K00273         287.4785         38.2288388889    2.0
  K00274         282.492208333    43.9802083333    2.0
  K00275         285.311208333    47.8485638889    2.0
  K00276         289.664416667    48.7062111111    2.0
  K00277         291.250166667    49.2318333333    2.0
  K00279         295.4865         51.0135          2.0
  K00280         286.689416667    39.2119111111    2.0
  K00281         287.655          39.2442888889    2.0
  K00282         288.450625       40.2453277778    2.0
  K00283         288.530833333    40.9423          2.0
  K00284         283.235791667    41.3430388889    2.0
  K00285         289.086041667    41.5629583333    2.0
  K00288         293.716458333    46.2266527778    2.0
  K00289         282.945666667    47.5749055556    2.0
  K00291         297.278          48.3203333333    2.0
  K00292         287.326625       48.6734305556    2.0
  K00294         298.268958333    48.9167388889    2.0
  K00295         284.739041667    49.5984          2.0
  K00296         285.041666667    50.0753777778    2.0
  K00297         286.247166667    50.2424083333    2.0
  K00298         290.49425        52.0555194444    2.0
  K00299         285.661625       37.9645          2.0
  K00301         290.495125       38.7954777778    2.0
  K00302         295.608791667    38.7357416667    2.0
  K00303         293.675291667    41.2953611111    2.0
  K00304         287.09           41.3738777778    2.0
  K00305         297.354          41.30005         2.0
  K00306         299.319541667    41.3846388889    2.0
  K00307         293.180333333    41.6177611111    2.0
  K00308         293.92975        41.6028722222    2.0
  K00312         296.467333333    42.5987861111    2.0
  K00313         282.135541667    43.0391          2.0
  K00314         290.3815         43.2929888889    2.0
  K00315         297.271916667    43.3333083333    2.0
  K00316         282.391958333    43.88935         2.0
  K00317         298.816375       43.9980388889    2.0
  K00318         288.154          44.0688222222    2.0
  K00319         290.1175         44.8729388889    2.0
  K00321         291.848041667    44.9682194444    2.0
  K00323         284.061125       45.50685         2.0
  K00326         286.656          46.7835416667    2.0
  K00327         287.369458333    46.7682194444    2.0
  K00330         296.859208333    49.1620472222    2.0
  K00331         296.183416667    47.3587611111    2.0
  K00332         297.650916667    47.3962888889    2.0
  K00333         290.957916667    47.4062805556    2.0
  K00335         291.818583333    47.6752833333    2.0
  K00337         295.684791667    47.7480805556    2.0
  K00338         297.970875       47.7316833333    2.0
  K00339         285.888333333    47.8803777778    2.0
  K00340         297.664708333    47.8013916667    2.0
  K00341         297.961541667    48.2443611111    2.0
  K00343         295.118875       48.4812805556    2.0
  K00344         283.340291667    48.5490416667    2.0
  K00345         286.524791667    48.6836          2.0
  K00346         298.660916667    48.6063694444    2.0
  K00348         293.685708333    48.8251416667    2.0
  K00349         286.852666667    49.2616805556    2.0
  K00350         287.861416667    49.2644611111    2.0
  K00351         284.4335         49.3051611111    2.0
  K00352         298.067708333    49.4126          2.0
  K00353         295.212666667    49.5621805556    2.0
  K00354         296.418541667    49.5401          2.0
  K00355         296.566625       49.69625         2.0
  K00356         297.736375       49.63715         2.0
  K00360         289.214791667    50.6509222222    2.0
  K00361         289.880666667    51.2770805556    2.0
  K00364         295.872333333    42.88115         2.0
  K00365         297.486916667    49.62345         2.0
  K00366         291.664166667    38.6192555556    2.0
  K00367         284.472166667    39.9118111111    2.0
  K00368         290.854583333    42.0869222222    2.0
  K00369         281.915666667    42.7755083333    2.0
  K00370         291.387791667    44.5291111111    2.0
  K00371         299.676166667    40.8564916667    2.0
  K00372         299.122458333    41.8667611111    2.0
  K00373         292.234916667    42.9094583333    2.0
  K00374         290.62525        44.8739583333    2.0
  K00375         291.201166667    51.1442777778    2.0
  K00377         285.574          38.4008888889    2.0
  K00379         292.05675        37.7761916667    2.0
  K00384         294.149666667    38.4582722222    2.0
  K00385         292.215125       38.5485916667    2.0
  K00386         294.11075        38.7102333333    2.0
  K00387         287.218708333    38.8625222222    2.0
  K00388         284.706875       38.9368222222    2.0
  K00392         287.975791667    39.0871805556    2.0
  K00393         294.029083333    39.05185         2.0
  K00398         289.786208333    46.8587916667    2.0
  K00401         285.853666667    38.3841222222    2.0
  K00403         286.879666667    39.3783916667    2.0
  K00408         288.234125       40.5209          2.0
  K00409         290.566291667    40.6920388889    2.0
  K00410         292.248041667    40.69605         2.0
  K00412         283.257625       40.9905          2.0
  K00413         292.16275        41.0232388889    2.0
  K00415         293.306083333    41.6063694444    2.0
  K00416         286.865458333    41.9890777778    2.0
  K00417         296.249541667    42.3354805556    2.0
  K00418         296.899375       43.7072166667    2.0
  K00419         285.89125        44.1817277778    2.0
  K00420         286.118666667    44.3452805556    2.0
  K00421         299.905916667    45.4396777778    2.0
  K00422         290.389833333    45.6653277778    2.0
  K00423         296.960291667    46.0343027778    2.0
  K00425         297.97425        46.8045611111    2.0
  K00426         294.023          46.99955         2.0
  K00427         283.022791667    47.2611305556    2.0
  K00428         296.813666667    47.5266111111    2.0
  K00429         297.70025        47.86375         2.0
  K00430         285.485041667    48.0543222222    2.0
  K00431         282.460541667    48.2571166667    2.0
  K00432         290.747666667    48.2420083333    2.0
  K00433         298.550833333    48.33245         2.0
  K00435         289.7805         49.8965305556    2.0
  K00438         288.495833333    51.0819388889    2.0
  K00439         296.406833333    51.35815         2.0
  K00440         290.296541667    37.7494888889    2.0
  K00442         291.097208333    38.8756111111    2.0
  K00443         285.516833333    38.9324          2.0
  K00444         290.529416667    38.9426611111    2.0
  K00446         284.03225        39.7813305556    2.0
  K00448         297.070166667    40.8687888889    2.0
  K00452         293.708458333    41.6151305556    2.0
  K00454         284.657875       42.6526777778    2.0
  K00456         287.773541667    42.8692833333    2.0
  K00457         290.516458333    43.0838194444    2.0
  K00458         282.882708333    43.1919527778    2.0
  K00459         297.278916667    43.7240166667    2.0
  K00460         296.636833333    43.8027916667    2.0
  K00463         300.206125       45.0181388889    2.0
  K00464         293.747083333    45.1072194444    2.0
  K00465         293.9285         45.1425083333    2.0
  K00466         286.152          45.3325611111    2.0
  K00467         290.119625       46.2738111111    2.0
  K00468         292.44625        46.2897666667    2.0
  K00469         288.637833333    46.4214722222    2.0
  K00470         296.838375       46.6264          2.0
  K00471         295.002833333    46.9873305556    2.0
  K00472         283.617958333    47.1966777778    2.0
  K00473         296.808625       47.1719388889    2.0
  K00474         287.780833333    47.6299111111    2.0
  K00475         280.691          47.8097388889    2.0
  K00476         291.5545         47.8144805556    2.0
  K00477         297.672625       48.3023111111    2.0
  K00478         298.105708333    48.40115         2.0
  K00479         283.50725        48.5526          2.0
  K00480         290.437625       48.7918833333    2.0
  K00481         293.160166667    48.8811916667    2.0
  K00483         286.551          49.4187388889    2.0
  K00484         291.221083333    50.5813          2.0
  K00486         289.521166667    51.2373083333    2.0
  K00487         290.247041667    52.1491333333    2.0
  K00488         286.963875       37.8297083333    2.0
  K00490         292.658458333    38.3453888889    2.0
  K00492         295.182916667    38.6542277778    2.0
  K00494         294.711958333    39.0737611111    2.0
  K00496         288.754958333    39.5636472222    2.0
  K00497         294.710166667    39.8251          2.0
  K00499         295.002          39.9529305556    2.0
  K00500         296.112541667    39.9787777778    2.0
  K00501         298.473208333    40.0758722222    2.0
  K00503         283.499833333    40.5528          2.0
  K00504         295.43275        40.6482388889    2.0
  K00505         285.999916667    40.9193194444    2.0
  K00506         288.508875       41.0958888889    2.0
  K00507         297.503666667    41.0570166667    2.0
  K00508         284.521166667    41.6296          2.0
  K00509         296.771916667    41.7555388889    2.0
  K00510         283.368416667    41.8218611111    2.0
  K00511         294.646666667    41.8841083333    2.0
  K00512         282.111333333    42.3545          2.0
  K00513         288.230583333    42.4136194444    2.0
  K00517         286.5285         43.8734027778    2.0
  K00518         287.439208333    43.8320888889    2.0
  K00519         289.553291667    43.8761777778    2.0
  K00520         294.667958333    43.8532611111    2.0
  K00521         290.735125       44.0913194444    2.0
  K00522         301.147916667    44.1045416667    2.0
  K00523         286.047125       45.0532111111    2.0
  K00524         283.544125       45.2255527778    2.0
  K00525         300.90775        45.4578694444    2.0
  K00526         293.057208333    45.5511888889    2.0
  K00528         287.101125       46.8964805556    2.0
  K00530         288.670708333    47.3991388889    2.0
  K00531         287.691208333    47.5469027778    2.0
  K00532         284.257208333    47.68895         2.0
  K00533         280.641333333    47.7519416667    2.0
  K00534         298.663708333    47.7620388889    2.0
  K00535         296.385541667    48.2334527778    2.0
  K00536         286.024          48.4317694444    2.0
  K00537         285.790666667    48.6832611111    2.0
  K00538         294.951416667    48.6511916667    2.0
  K00541         288.921583333    49.7620333333    2.0
  K00542         295.571333333    49.7745777778    2.0
  K00543         296.151416667    50.0958111111    2.0
  K00546         289.830125       50.5862388889    2.0
  K00547         294.570375       50.6730194444    2.0
  K00548         289.500666667    51.6857305556    2.0
  K00550         293.470125       39.2528111111    2.0
  K00551         293.530875       39.3158916667    2.0
  K00552         297.39825        40.2291916667    2.0
  K00554         290.351125       40.687           2.0
  K00555         293.123416667    40.9347694444    2.0
  K00557         285.9115         41.0694388889    2.0
  K00558         296.662708333    41.2612388889    2.0
  K00559         283.471083333    41.8732111111    2.0
  K00560         283.833041667    41.97865         2.0
  K00561         282.004583333    42.1765277778    2.0
  K00563         296.032          42.1419611111    2.0
  K00564         294.281          42.2909694444    2.0
  K00566         292.316          42.62625         2.0
  K00567         291.951916667    43.0747111111    2.0
  K00568         287.295416667    43.2798694444    2.0
  K00569         282.468125       43.8899111111    2.0
  K00571         298.652708333    43.9550222222    2.0
  K00572         299.796416667    44.0893111111    2.0
  K00573         281.27975        44.3155277778    2.0
  K00574         287.56475        44.305           2.0
  K00575         292.427375       44.3812722222    2.0
  K00577         291.057208333    44.6323805556    2.0
  K00578         293.882958333    44.6380888889    2.0
  K00579         288.584041667    44.7338          2.0
  K00580         292.220291667    44.7000305556    2.0
  K00581         293.171333333    45.0656          2.0
  K00582         291.183375       45.3231694444    2.0
  K00583         286.004958333    45.4803888889    2.0
  K00584         287.917916667    45.5928694444    2.0
  K00585         291.354625       45.7478972222    2.0
  K00586         282.786833333    46.2449916667    2.0
  K00587         298.384833333    46.2760388889    2.0
  K00588         282.450583333    46.3214          2.0
  K00589         288.649625       46.5977527778    2.0
  K00590         296.498583333    46.5772388889    2.0
  K00592         294.462666667    46.82145         2.0
  K00593         294.989125       46.8383277778    2.0
  K00596         283.740708333    47.5162888889    2.0
  K00597         291.971458333    47.8641694444    2.0
  K00598         288.120958333    47.9666722222    2.0
  K00599         296.120708333    47.9214777778    2.0
  K00600         286.249833333    48.0609388889    2.0
  K00601         290.849041667    48.4160111111    2.0
  K00602         291.159375       51.3348611111    2.0
  K00605         290.927291667    39.91415         2.0
  K00607         289.809083333    40.6158416667    2.0
  K00609         288.160666667    40.8788916667    2.0
  K00610         284.4785         40.9331027778    2.0
  K00611         298.294041667    41.6838          2.0
  K00612         284.968541667    42.0792          2.0
  K00614         293.586375       42.9289083333    2.0
  K00617         297.418666667    46.6442611111    2.0
  K00618         296.986708333    47.4773888889    2.0
  K00620         296.47975        49.9376777778    2.0
  K00622         295.88025        51.2637888889    2.0
  K00623         295.226458333    50.5589777778    2.0
  K00624         290.673125       38.6910111111    2.0
  K00625         286.563791667    39.5344694444    2.0
  K00626         295.193416667    39.5396694444    2.0
  K00627         292.150458333    39.6375805556    2.0
  K00628         288.698625       39.7082888889    2.0
  K00629         292.104291667    39.7679111111    2.0
  K00632         289.417833333    39.9450111111    2.0
  K00633         293.427041667    39.9424277778    2.0
  K00635         294.373541667    40.1946305556    2.0
  K00638         295.559416667    40.2362722222    2.0
  K00639         296.88575        40.2282305556    2.0
  K00640         297.252625       40.2886          2.0
  K00641         299.2995         40.2350694444    2.0
  K00644         289.96675        40.5326611111    2.0
  K00645         295.217416667    40.59225         2.0
  K00647         291.195041667    40.7027027778    2.0
  K00649         289.77325        40.8007194444    2.0
  K00650         290.396166667    41.0400805556    2.0
  K00652         293.591875       41.0951611111    2.0
  K00654         284.409916667    41.2374611111    2.0
  K00655         293.626041667    41.2728194444    2.0
  K00657         282.973416667    41.3220111111    2.0
  K00658         297.09           41.3880305556    2.0
  K00659         292.417208333    41.4168694444    2.0
  K00660         284.919416667    41.6171916667    2.0
  K00661         285.347208333    41.7619222222    2.0
  K00662         292.186875       41.72705         2.0
  K00663         285.287083333    41.8611722222    2.0
  K00664         291.634666667    41.8338583333    2.0
  K00665         290.0305         42.16605         2.0
  K00666         296.032166667    42.1316722222    2.0
  K00667         282.154916667    42.2345472222    2.0
  K00670         291.8235         42.5162083333    2.0
  K00671         293.890166667    42.5279666667    2.0
  K00672         291.169541667    42.6408083333    2.0
  K00673         293.834541667    42.6249611111    2.0
  K00674         290.327333333    42.8982805556    2.0
  K00676         292.503375       43.08315         2.0
  K00678         285.439166667    43.1684805556    2.0
  K00679         287.620833333    43.1416472222    2.0
  K00680         292.287333333    43.1972805556    2.0
  K00682         295.198          43.2695083333    2.0
  K00683         297.824291667    43.2583805556    2.0
  K00684         281.290291667    43.4133416667    2.0
  K00685         295.47575        43.4931416667    2.0
  K00686         296.840791667    43.6471222222    2.0
  K00687         297.117125       43.7114305556    2.0
  K00688         290.32275        44.0358083333    2.0
  K00689         290.471333333    44.3870805556    2.0
  K00691         284.788291667    44.5916777778    2.0
  K00692         290.824166667    44.6471777778    2.0
  K00693         284.754875       44.9560333333    2.0
  K00694         283.899625       45.0168916667    2.0
  K00695         285.655958333    45.0795583333    2.0
  K00697         289.000875       45.1542694444    2.0
  K00698         293.913625       45.1897916667    2.0
  K00700         294.973541667    45.2136916667    2.0
  K00701         283.21275        45.3498611111    2.0
  K00703         294.912          45.5666861111    2.0
  K00704         284.386166667    45.7197111111    2.0
  K00707         289.077541667    46.0052194444    2.0
  K00708         293.728083333    46.12915         2.0
  K00709         287.332791667    46.2035111111    2.0
  K00710         293.03775        46.2775194444    2.0
  K00711         295.412791667    46.2664722222    2.0
  K00712         287.991208333    46.3568805556    2.0
  K00714         288.008125       46.4735611111    2.0
  K00716         297.492166667    46.6945194444    2.0
  K00717         282.212958333    46.7178194444    2.0
  K00718         288.739          46.7625611111    2.0
  K00719         291.506166667    46.8957416667    2.0
  K00720         296.65475        46.8352694444    2.0
  K00721         297.068416667    46.8342777778    2.0
  K00722         297.259083333    46.8431888889    2.0
  K00723         287.906125       46.9377722222    2.0
  K00725         289.005791667    47.0404222222    2.0
  K00728         296.642291667    47.2303305556    2.0
  K00730         298.318333333    47.2794916667    2.0
  K00732         288.327916667    47.3815916667    2.0
  K00733         290.93425        47.3576          2.0
  K00734         291.197291667    47.3078          2.0
  K00735         296.693375       47.39215         2.0
  K00736         292.194          47.4570888889    2.0
  K00737         294.121          47.4087916667    2.0
  K00738         298.348333333    47.4912305556    2.0
  K00739         282.983791667    47.5785888889    2.0
  K00740         287.608208333    47.5096833333    2.0
  K00741         296.95725        47.5538111111    2.0
  K00743         289.258208333    47.6353194444    2.0
  K00745         297.154416667    47.6687          2.0
  K00746         288.13825        47.72445         2.0
  K00747         283.710875       47.8632694444    2.0
  K00749         292.376125       47.8809888889    2.0
  K00750         290.465125       47.9291805556    2.0
  K00751         297.80825        47.9466722222    2.0
  K00752         291.93425        48.14165         2.0
  K00753         297.004833333    48.1341277778    2.0
  K00755         288.754875       48.2262          2.0
  K00756         296.286125       48.2246694444    2.0
  K00757         286.9995         48.3757888889    2.0
  K00758         297.025625       48.4785888889    2.0
  K00759         285.7185         48.5058583333    2.0
  K00760         292.167041667    48.7275888889    2.0
  K00762         298.456833333    48.7915916667    2.0
  K00763         291.093916667    48.9338416667    2.0
  K00764         295.555083333    49.0173416667    2.0
  K00765         285.49925        49.27735         2.0
  K00766         291.936166667    49.2539777778    2.0
  K00767         297.015458333    49.2252888889    2.0
  K00769         294.265791667    49.3140916667    2.0
  K00771         296.698625       49.3164777778    2.0
  K00772         283.725916667    49.4795194444    2.0
  K00773         291.722          49.4808694444    2.0
  K00774         288.986791667    49.7337416667    2.0
  K00775         286.738041667    49.97575         2.0
  K00776         290.78575        50.0541194444    2.0
  K00777         294.316875       50.0802305556    2.0
  K00778         285.176208333    50.1498166667    2.0
  K00779         289.2355         50.241           2.0
  K00780         293.833333333    50.23035         2.0
  K00781         296.221958333    50.2872194444    2.0
  K00782         290.098041667    50.3216083333    2.0
  K00783         295.455291667    50.4945611111    2.0
  K00784         293.973375       50.5319111111    2.0
  K00785         296.021333333    50.5677805556    2.0
  K00786         291.622416667    50.6182388889    2.0
  K00787         295.816166667    51.1217388889    2.0
  K00788         289.39975        51.2503194444    2.0
  K00790         296.366541667    51.3195194444    2.0
  K00791         289.11225        51.7373805556    2.0
  K00794         291.44           37.9056583333    2.0
  K00795         290.870541667    38.2736277778    2.0
  K00797         291.281958333    38.2416694444    2.0
  K00799         294.368208333    38.3102805556    2.0
  K00800         291.6535         38.4946583333    2.0
  K00801         293.871916667    38.4229388889    2.0
  K00802         293.816208333    38.5635666667    2.0
  K00804         290.333625       38.7282305556    2.0
  K00805         287.69675        38.8864527778    2.0
  K00806         285.283625       38.9472805556    2.0
  K00809         285.213791667    39.0274805556    2.0
  K00810         287.094          39.0607194444    2.0
  K00811         289.315458333    39.1532777778    2.0
  K00812         286.079125       39.2783194444    2.0
  K00813         294.65525        39.3083611111    2.0
  K00814         294.710625       39.5217388889    2.0
  K00815         285.92           39.6248277778    2.0
  K00816         294.489916667    39.7714388889    2.0
  K00817         283.866375       39.8980777778    2.0
  K00818         288.812          40.0334          2.0
  K00821         294.776875       40.1537388889    2.0
  K00822         283.538458333    40.218           2.0
  K00823         296.007          40.2954277778    2.0
  K00824         283.253541667    40.3581888889    2.0
  K00825         283.221375       40.4218277778    2.0
  K00826         291.1495         40.4205222222    2.0
  K00827         294.223958333    40.4178583333    2.0
  K00829         290.461791667    40.5624611111    2.0
  K00830         290.581708333    40.5774          2.0
  K00833         295.504375       40.5054888889    2.0
  K00834         287.897125       40.6378222222    2.0
  K00835         294.202125       40.6634111111    2.0
  K00837         291.158791667    40.7502722222    2.0
  K00838         292.214375       40.7597611111    2.0
  K00840         299.316125       40.8223805556    2.0
  K00841         292.23675        41.0858805556    2.0
  K00842         292.913083333    41.0609222222    2.0
  K00843         293.496625       41.1375888889    2.0
  K00844         283.864416667    41.3464583333    2.0
  K00845         288.51           41.3017694444    2.0
  K00846         296.888208333    41.3960916667    2.0
  K00847         287.154291667    41.5657888889    2.0
  K00849         288.994166667    41.6332833333    2.0
  K00850         293.878083333    41.6617694444    2.0
  K00851         299.186875       41.7426805556    2.0
  K00852         283.316375       41.8371194444    2.0
  K00853         286.565708333    41.8084          2.0
  K00854         289.5085         41.8121194444    2.0
  K00855         291.760375       41.9440694444    2.0
  K00856         293.179291667    41.9692388889    2.0
  K00857         285.110458333    42.0339583333    2.0
  K00858         289.89775        42.00915         2.0
  K00861         290.007583333    42.1164583333    2.0
  K00863         293.816458333    42.2125027778    2.0
  K00864         287.242666667    42.3013694444    2.0
  K00865         291.583791667    42.3681611111    2.0
  K00867         292.105208333    42.3803222222    2.0
  K00868         293.007958333    42.3072          2.0
  K00869         291.638958333    42.4363222222    2.0
  K00870         292.137          42.4294194444    2.0
  K00871         291.119666667    42.5070694444    2.0
  K00872         289.26875        42.6041722222    2.0
  K00873         291.964166667    42.6961388889    2.0
  K00874         296.483416667    42.6634277778    2.0
  K00875         296.693958333    42.6261111111    2.0
  K00876         287.884125       42.8324388889    2.0
  K00877         293.637          42.8249694444    2.0
  K00878         297.46           42.8399194444    2.0
  K00880         292.873375       42.9661416667    2.0
  K00881         294.909708333    42.9352611111    2.0
  K00882         295.835375       42.9430611111    2.0
  K00883         296.683083333    42.9678694444    2.0
  K00884         288.6425         43.0392916667    2.0
  K00886         294.773958333    43.0563          2.0
  K00887         295.6515         43.0298305556    2.0
  K00889         291.137583333    36.5773805556    2.0
  K00890         282.699541667    43.2727388889    2.0
  K00891         283.63075        43.3793972222    2.0
  K00892         290.39325        43.3639          2.0
  K00893         292.965541667    43.3463888889    2.0
  K00895         296.410166667    43.4553916667    2.0
  K00896         293.061416667    43.5813611111    2.0
  K00897         299.561875       43.5035583333    2.0
  K00898         282.2325         43.6656305556    2.0
  K00899         296.985041667    43.6585194444    2.0
  K00900         281.960625       43.7031111111    2.0
  K00901         285.1675         43.8763388889    2.0
  K00902         287.852375       43.8979916667    2.0
  K00903         295.536166667    43.88445         2.0
  K00904         285.168333333    44.0264583333    2.0
  K00905         296.507541667    44.0360722222    2.0
  K00906         289.59475        44.14195         2.0
  K00907         296.56625        44.1058611111    2.0
  K00908         298.635625       44.1709388889    2.0
  K00910         284.4305         44.4805305556    2.0
  K00911         290.263291667    44.55645         2.0
  K00912         295.579333333    44.5459583333    2.0
  K00913         284.830458333    44.6581388889    2.0
  K00914         288.726666667    44.6075111111    2.0
  K00916         293.454833333    44.7927888889    2.0
  K00917         301.049541667    44.7063          2.0
  K00918         283.9775         44.8115611111    2.0
  K00920         291.717333333    44.8873111111    2.0
  K00921         291.842          44.8580888889    2.0
  K00922         294.846916667    45.0344083333    2.0
  K00923         291.092375       45.1155277778    2.0
  K00924         291.208041667    45.2443888889    2.0
  K00926         286.360083333    45.4142916667    2.0
  K00928         284.759416667    45.5991277778    2.0
  K00929         285.554791667    45.5788611111    2.0
  K00931         296.393166667    45.5685611111    2.0
  K00934         288.164666667    45.8165083333    2.0
  K00935         294.023          45.8530805556    2.0
  K00936         283.732          45.9587722222    2.0
  K00937         293.018291667    45.9146888889    2.0
  K00938         296.06425        45.9768416667    2.0
  K00939         292.580458333    46.0973888889    2.0
  K00940         297.045625       46.0273583333    2.0
  K00941         297.316          46.0232583333    2.0
  K00942         284.688875       46.17225         2.0
  K00943         285.391333333    46.1809388889    2.0
  K00944         294.79975        46.2075694444    2.0
  K00945         297.951583333    46.2647222222    2.0
  K00947         291.862833333    46.4292611111    2.0
  K00949         290.068          46.5791388889    2.0
  K00951         294.0685         46.5793305556    2.0
  K00952         297.842375       46.5742666667    2.0
  K00953         286.48225        46.69245         2.0
  K00954         288.211916667    46.6150027778    2.0
  K00955         289.431708333    46.6175305556    2.0
  K00956         283.866          46.7895888889    2.0
  K00960         295.470708333    44.0107388889    2.0
  K00961         292.219041667    44.6191611111    2.0
  K00964         288.499458333    47.9964722222    2.0
  K00965         290.115666667    38.4041888889    2.0
  K00967         281.669166667    42.0386388889    2.0
  K00968         295.266833333    38.6112388889    2.0
  K00970         289.09325        49.4244833333    2.0
  K00971         286.019208333    48.8667416667    2.0
  K00972         282.000291667    48.5422222222    2.0
  K00973         296.086083333    51.1270416667    2.0
  K00974         295.802666667    45.9880777778    2.0
  K00975         287.361791667    38.7140166667    2.0
  K00976         290.944375       38.5388666667    2.0
  K00977         292.719625       48.8520166667    2.0
  K00978         284.026791667    49.4154277778    2.0
  K00979         298.804125       40.8435638889    2.0
  K00980         295.598708333    50.7206694444    2.0
  K00981         283.736416667    44.7133111111    2.0
  K00984         291.048791667    36.8398833333    2.0
  K00986         291.925958333    38.0141166667    2.0
  K00987         295.574166667    42.8064388889    2.0
  K00988         291.36475        37.6091694444    2.0
  K00991         296.496125       47.1828611111    2.0
  K00992         291.499416667    37.0592805556    2.0
  K00993         290.728666667    37.25265         2.0
  K00994         291.142458333    37.0613222222    2.0
  K00998         291.382666667    37.0729888889    2.0
  K00999         292.46975        37.5677916667    2.0
  K01001         292.044625       37.3762388889    2.0
  K01002         290.68225        37.3551111111    2.0
  K01003         290.327875       37.7267416667    2.0
  K01005         288.4165         41.0298          2.0
  K01007         292.262916667    37.2369916667    2.0
  K01010         291.354          36.7845194444    2.0
  K01013         293.385583333    41.3498194444    2.0
  K01014         299.89725        43.9039111111    2.0
  K01015         289.096875       44.0043777778    2.0
  K01017         294.843833333    44.0776777778    2.0
  K01019         296.481875       44.00915         2.0
  K01020         292.930875       37.6066388889    2.0
  K01022         292.268125       37.9556388889    2.0
  K01024         291.90325        37.9022888889    2.0
  K01026         286.408291667    37.4267611111    2.0
  K01027         287.202166667    37.94825         2.0
  K01029         292.291          37.5808          2.0
  K01030         291.1385         37.8593          2.0
  K01031         293.254125       37.8461916667    2.0
  K01032         291.977541667    37.53255         2.0
  K01050         296.861          41.0973388889    2.0
  K01051         294.16325        41.4518          2.0
  K01052         290.510458333    41.2448194444    2.0
  K01053         290.607916667    41.2010916667    2.0
  K01054         288.682541667    41.3073194444    2.0
  K01059         296.680458333    41.3865194444    2.0
  K01060         293.084625       41.1354416667    2.0
  K01061         290.1315         41.3815          2.0
  K01066         299.786333333    44.1695388889    2.0
  K01067         296.309416667    44.1657416667    2.0
  K01069         287.593208333    44.1794194444    2.0
  K01070         294.484375       44.1669083333    2.0
  K01072         290.503625       44.1435805556    2.0
  K01074         291.275666667    47.3294916667    2.0
  K01078         299.830375       47.1574583333    2.0
  K01081         294.768541667    47.1327888889    2.0
  K01082         292.144458333    47.15735         2.0
  K01083         297.393166667    47.1646305556    2.0
  K01085         281.050083333    47.1881472222    2.0
  K01086         283.184625       47.1556694444    2.0
  K01089         294.4335         38.35545         2.0
  K01094         293.184541667    37.9698416667    2.0
  K01095         287.616875       38.4023222222    2.0
  K01096         290.183041667    38.3219416667    2.0
  K01099         291.579166667    38.0358305556    2.0
  K01101         294.115666667    38.3934777778    2.0
  K01102         290.41325        38.34375         2.0
  K01103         293.223916667    38.0335805556    2.0
  K01106         292.713083333    38.3582111111    2.0
  K01108         286.490416667    38.3749083333    2.0
  K01109         291.606875       38.3480611111    2.0
  K01110         287.444083333    38.0884277778    2.0
  K01111         292.279041667    38.2845305556    2.0
  K01112         289.776666667    38.2622805556    2.0
  K01113         291.976166667    38.0550805556    2.0
  K01114         290.134916667    38.4042222222    2.0
  K01115         291.423583333    38.2165916667    2.0
  K01116         290.884666667    38.0575722222    2.0
  K01117         291.031916667    38.2119611111    2.0
  K01118         291.651          38.0281777778    2.0
  K01127         290.215166667    41.7759694444    2.0
  K01128         291.433291667    41.7034416667    2.0
  K01129         287.272625       41.6355583333    2.0
  K01131         293.539          44.4949194444    2.0
  K01137         301.70925        44.2817916667    2.0
  K01141         282.724041667    44.3464694444    2.0
  K01142         287.477416667    44.2375111111    2.0
  K01144         292.859625       44.2006416667    2.0
  K01145         296.548625       44.2646722222    2.0
  K01146         285.628541667    44.3108888889    2.0
  K01148         282.200083333    44.4222972222    2.0
  K01149         284.385625       44.3912888889    2.0
  K01150         281.766375       44.29255         2.0
  K01151         283.002958333    44.2842277778    2.0
  K01152         296.695625       47.3273083333    2.0
  K01159         297.014833333    47.4864305556    2.0
  K01160         287.653625       47.4148111111    2.0
  K01161         299.127541667    47.5938305556    2.0
  K01162         288.868208333    47.7594305556    2.0
  K01163         291.302208333    47.6977611111    2.0
  K01164         292.738916667    47.4907305556    2.0
  K01165         291.062958333    47.4847972222    2.0
  K01166         296.131416667    47.4388194444    2.0
  K01168         287.586791667    47.6000222222    2.0
  K01169         281.551166667    47.4699583333    2.0
  K01170         296.232166667    47.6789583333    2.0
  K01174         296.821625       47.3540305556    2.0
  K01175         295.920666667    47.4486083333    2.0
  K01176         292.068291667    38.8422694444    2.0
  K01177         292.0785         38.6314805556    2.0
  K01187         291.07125        38.9990388889    2.0
  K01191         293.873625       38.9224833333    2.0
  K01192         291.032125       38.7039111111    2.0
  K01193         287.888125       39.0787083333    2.0
  K01194         293.804416667    38.6391305556    2.0
  K01195         291.16675        38.7801888889    2.0
  K01198         292.479708333    38.5149194444    2.0
  K01199         293.743958333    38.9392805556    2.0
  K01201         292.577041667    39.1208805556    2.0
  K01202         291.692458333    38.5729          2.0
  K01203         293.568166667    39.0363194444    2.0
  K01204         290.000416667    38.5398888889    2.0
  K01205         295.975125       38.9466388889    2.0
  K01206         293.954583333    38.8999722222    2.0
  K01207         286.917125       38.8722194444    2.0
  K01208         293.618791667    39.0225722222    2.0
  K01209         288.314375       38.6932916667    2.0
  K01210         293.595833333    39.0294805556    2.0
  K01212         292.006833333    38.8207277778    2.0
  K01214         295.216625       38.7743305556    2.0
  K01215         286.583166667    39.0772027778    2.0
  K01216         288.133708333    38.9968805556    2.0
  K01218         291.019041667    38.5455694444    2.0
  K01219         290.666833333    38.5683277778    2.0
  K01220         287.307833333    39.1447305556    2.0
  K01221         290.107166667    38.7022277778    2.0
  K01222         292.496791667    39.1931694444    2.0
  K01226         295.866916667    42.0626722222    2.0
  K01227         297.707125       42.0473722222    2.0
  K01230         298.948125       41.81215         2.0
  K01236         287.391208333    42.1948333333    2.0
  K01238         297.208958333    41.7817111111    2.0
  K01239         292.178583333    42.0059083333    2.0
  K01240         291.390541667    42.1805916667    2.0
  K01241         293.758375       41.8718666667    2.0
  K01242         292.228375       42.0353694444    2.0
  K01244         292.23725        42.1542888889    2.0
  K01245         292.478208333    42.1422888889    2.0
  K01246         291.427541667    41.8781583333    2.0
  K01249         291.902375       44.6837305556    2.0
  K01255         291.44525        44.5286888889    2.0
  K01257         291.225166667    44.9273805556    2.0
  K01258         294.108166667    44.7707          2.0
  K01261         287.174875       44.8785722222    2.0
  K01264         286.574833333    44.7952          2.0
  K01266         286.07525        44.6646388889    2.0
  K01268         289.889625       45.0056694444    2.0
  K01270         293.641291667    44.6570388889    2.0
  K01271         294.2655         44.7943          2.0
  K01273         286.015875       45.0077722222    2.0
  K01274         283.256791667    45.0877805556    2.0
  K01275         299.221625       44.6938722222    2.0
  K01276         285.036083333    45.0710611111    2.0
  K01278         284.677291667    44.7976805556    2.0
  K01279         293.37225        44.7851416667    2.0
  K01281         286.966833333    44.9924888889    2.0
  K01282         293.229916667    45.0533111111    2.0
  K01283         296.007125       44.853475        2.0
  K01285         291.637          47.8323388889    2.0
  K01287         282.23275        48.2711972222    2.0
  K01288         289.020166667    48.1198083333    2.0
  K01298         293.613708333    47.839           2.0
  K01299         293.282208333    48.2859          2.0
  K01300         291.594083333    48.4456111111    2.0
  K01301         293.146458333    47.72965         2.0
  K01302         289.083625       48.0181305556    2.0
  K01303         294.230041667    48.2044777778    2.0
  K01304         296.614875       48.0826416667    2.0
  K01305         291.390916667    48.0656083333    2.0
  K01306         290.676166667    48.2942888889    2.0
  K01307         290.927458333    48.44355         2.0
  K01308         285.42425        47.8346111111    2.0
  K01309         288.855291667    48.2085416667    2.0
  K01310         285.662708333    48.4353722222    2.0
  K01311         283.532958333    48.0942611111    2.0
  K01312         284.9105         48.4316416667    2.0
  K01314         285.221125       47.8813777778    2.0
  K01315         295.293833333    48.3748027778    2.0
  K01316         290.552375       48.1262638889    2.0
  K01317         294.773916667    39.3338388889    2.0
  K01320         293.362875       39.2124472222    2.0
  K01323         296.081875       39.1616222222    2.0
  K01325         296.235083333    39.3703388889    2.0
  K01328         295.805833333    39.1779888889    2.0
  K01329         295.370791667    39.1772111111    2.0
  K01331         294.508458333    39.3986833333    2.0
  K01332         288.916416667    39.5947111111    2.0
  K01335         291.020125       39.2206805556    2.0
  K01336         296.358666667    39.1151888889    2.0
  K01337         285.617416667    39.3795333333    2.0
  K01338         292.276083333    39.5501777778    2.0
  K01339         284.582583333    39.2202111111    2.0
  K01341         290.477416667    39.7320111111    2.0
  K01342         294.769916667    39.3985111111    2.0
  K01344         284.860166667    39.24055         2.0
  K01347         293.020375       42.5088361111    2.0
  K01351         296.0145         42.4222777778    2.0
  K01353         297.465333333    42.8828388889    2.0
  K01355         294.966041667    42.7085694444    2.0
  K01356         292.119916667    42.9316777778    2.0
  K01357         298.4595         42.1874305556    2.0
  K01358         295.8255         42.9433888889    2.0
  K01359         291.020708333    42.4624388889    2.0
  K01360         286.41           42.68155         2.0
  K01361         295.3045         42.4752888889    2.0
  K01362         281.605375       42.3904194444    2.0
  K01363         287.916375       42.4373027778    2.0
  K01364         295.766125       42.4242777778    2.0
  K01366         286.358041667    42.4065083333    2.0
  K01367         286.88725        42.4712611111    2.0
  K01369         293.469041667    42.8224111111    2.0
  K01370         282.332791667    42.4638222222    2.0
  K01372         296.399916667    42.3871          2.0
  K01375         288.320416667    42.2614138889    2.0
  K01376         291.013583333    42.2831333333    2.0
  K01377         295.054291667    42.7568388889    2.0
  K01378         295.510666667    42.9305638889    2.0
  K01379         294.9855         42.7276694444    2.0
  K01382         282.184375       46.0068583333    2.0
  K01385         290.883541667    45.7658694444    2.0
  K01387         290.493041667    45.2058972222    2.0
  K01391         293.709041667    45.2863888889    2.0
  K01393         283.555541667    45.6142611111    2.0
  K01395         284.209625       45.2580805556    2.0
  K01396         287.392          46.0593111111    2.0
  K01397         299.677708333    45.9723277778    2.0
  K01398         285.967875       45.7390722222    2.0
  K01399         295.760833333    45.4573888889    2.0
  K01401         294.79           45.3916222222    2.0
  K01402         295.926125       45.3838611111    2.0
  K01403         290.479958333    45.6007          2.0
  K01404         287.054541667    45.1803694444    2.0
  K01405         283.57425        45.7347972222    2.0
  K01406         287.452791667    45.7044          2.0
  K01407         285.988666667    45.3778111111    2.0
  K01408         290.294541667    45.5646111111    2.0
  K01409         285.246666667    45.9501916667    2.0
  K01410         285.4355         45.9760222222    2.0
  K01411         298.995083333    45.9095111111    2.0
  K01412         291.074666667    45.2425805556    2.0
  K01413         285.345833333    45.3677777778    2.0
  K01417         284.988833333    49.6260611111    2.0
  K01418         298.760625       48.6001833333    2.0
  K01419         285.412          48.7252305556    2.0
  K01420         290.112708333    48.5777833333    2.0
  K01421         287.650458333    49.1560527778    2.0
  K01422         286.54           49.4373277778    2.0
  K01423         284.251291667    48.8096083333    2.0
  K01424         292.328583333    49.6535416667    2.0
  K01425         296.322          48.9714805556    2.0
  K01426         283.209166667    48.7776416667    2.0
  K01427         287.85775        48.7741083333    2.0
  K01428         290.957583333    49.2038111111    2.0
  K01429         292.3515         48.5110833333    2.0
  K01430         283.039791667    48.8253583333    2.0
  K01431         287.022291667    48.6819388889    2.0
  K01432         283.206958333    48.5805027778    2.0
  K01433         287.057041667    49.0460222222    2.0
  K01434         283.504791667    49.4510194444    2.0
  K01435         295.288708333    48.5997194444    2.0
  K01436         283.982958333    49.2329888889    2.0
  K01437         284.846625       49.6924027778    2.0
  K01438         293.28825        48.8116194444    2.0
  K01439         290.851791667    48.5213388889    2.0
  K01440         293.084458333    48.5753888889    2.0
  K01441         294.68025        49.1401611111    2.0
  K01442         286.036333333    49.6145111111    2.0
  K01444         297.391583333    48.5606916667    2.0
  K01445         283.936833333    49.1103277778    2.0
  K01448         289.80525        46.4917111111    2.0
  K01452         293.281541667    43.0558083333    2.0
  K01456         295.094958333    43.5375777778    2.0
  K01457         289.603833333    46.31495         2.0
  K01458         296.571541667    50.67785         2.0
  K01459         287.143125       46.5080611111    2.0
  K01463         288.258625       43.3764638889    2.0
  K01465         286.149375       49.8675111111    2.0
  K01466         284.849875       46.13895         2.0
  K01468         298.8225         46.6502694444    2.0
  K01470         297.352333333    46.0959388889    2.0
  K01472         294.632375       43.4004722222    2.0
  K01473         280.360208333    43.1236805556    2.0
  K01474         295.417916667    51.1847611111    2.0
  K01475         297.430375       39.8478388889    2.0
  K01476         290.854125       51.2228083333    2.0
  K01477         287.653958333    43.5057166667    2.0
  K01478         288.848625       51.20905         2.0
  K01479         296.438125       46.6153611111    2.0
  K01480         286.741875       43.1901027778    2.0
  K01481         295.57725        46.2547416667    2.0
  K01483         289.152416667    50.2531583333    2.0
  K01484         290.616791667    49.9576194444    2.0
  K01486         294.317          43.6293416667    2.0
  K01488         292.353916667    46.2262805556    2.0
  K01489         288.236666667    46.6059194444    2.0
  K01491         297.779291667    46.4927416667    2.0
  K01493         296.441791667    46.6167111111    2.0
  K01494         295.457166667    50.0771722222    2.0
  K01495         297.6645         43.2489583333    2.0
  K01496         289.60675        39.9383333333    2.0
  K01498         285.057083333    46.3206777778    2.0
  K01499         297.724291667    43.5274305556    2.0
  K01501         290.122333333    43.0855611111    2.0
  K01502         291.231125       50.5670194444    2.0
  K01503         287.285291667    51.2499805556    2.0
  K01505         282.3635         46.6752388889    2.0
  K01506         289.424583333    50.9941222222    2.0
  K01507         295.402541667    50.4786305556    2.0
  K01508         294.527125       43.3681611111    2.0
  K01510         295.084208333    50.1146083333    2.0
  K01511         295.417458333    43.6056388889    2.0
  K01512         286.8875         50.3770722222    2.0
  K01515         283.135458333    43.65705         2.0
  K01516         296.403208333    51.2713388889    2.0
  K01517         294.956875       43.0143333333    2.0
  K01518         297.301291667    43.1418916667    2.0
  K01519         283.478208333    43.3837805556    2.0
  K01520         289.859125       46.5226722222    2.0
  K01521         285.296208333    46.6034388889    2.0
  K01522         295.806583333    50.9098          2.0
  K01523         298.730083333    46.6886722222    2.0
  K01525         281.97125        43.6727722222    2.0
  K01526         288.992583333    46.67075         2.0
  K01527         296.671291667    43.4983888889    2.0
  K01528         294.649875       43.3355888889    2.0
  K01529         287.0395         46.6401277778    2.0
  K01530         286.433666667    50.3003305556    2.0
  K01531         292.584416667    49.9231611111    2.0
  K01532         288.661541667    49.7372083333    2.0
  K01533         286.27175        43.5952305556    2.0
  K01534         290.090833333    39.8169888889    2.0
  K01535         295.521208333    49.7386277778    2.0
  K01536         291.467291667    50.7594805556    2.0
  K01537         281.461708333    46.7898944444    2.0
  K01540         299.10325        40.8493          2.0
  K01541         293.195041667    39.9072805556    2.0
  K01543         290.447375       40.4428888889    2.0
  K01544         295.32075        40.1873583333    2.0
  K01545         293.836875       40.41045         2.0
  K01546         298.513708333    40.6396222222    2.0
  K01547         294.200916667    40.4559583333    2.0
  K01549         299.055833333    43.8972027778    2.0
  K01552         298.925958333    43.7503694444    2.0
  K01553         288.43575        43.7634888889    2.0
  K01557         294.441791667    40.5575888889    2.0
  K01558         295.046416667    46.9745888889    2.0
  K01560         297.419625       43.8765777778    2.0
  K01561         296.033416667    40.0196111111    2.0
  K01563         299.224333333    40.3431833333    2.0
  K01564         291.083791667    40.35525         2.0
  K01567         288.538666667    40.61615         2.0
  K01569         283.129625       43.8882416667    2.0
  K01570         284.963041667    43.9130111111    2.0
  K01572         288.734083333    46.9393888889    2.0
  K01573         296.846125       40.1386111111    2.0
  K01574         297.916875       46.9651305556    2.0
  K01576         297.795125       40.4177083333    2.0
  K01577         289.290625       51.4088888889    2.0
  K01581         282.439166667    43.7344833333    2.0
  K01582         290.128583333    40.0218333333    2.0
  K01583         290.586833333    51.6958194444    2.0
  K01584         286.585416667    46.8709305556    2.0
  K01585         297.482583333    40.6807777778    2.0
  K01586         296.177291667    46.9990194444    2.0
  K01587         281.618875       46.8142          2.0
  K01588         291.152958333    40.8874888889    2.0
  K01589         298.252083333    40.4960777778    2.0
  K01590         294.364875       40.7208777778    2.0
  K01591         297.739833333    46.9419111111    2.0
  K01593         295.785166667    40.4395472222    2.0
  K01595         289.731708333    46.9538194444    2.0
  K01596         297.509833333    46.9612611111    2.0
  K01597         298.368833333    40.173425        2.0
  K01598         288.839375       46.9867388889    2.0
  K01599         298.373833333    40.6184194444    2.0
  K01601         288.771041667    40.6641805556    2.0
  K01602         297.796916667    39.9213722222    2.0
  K01603         288.822916667    40.38905         2.0
  K01605         291.238833333    40.1635083333    2.0
  K01606         290.051083333    46.7133722222    2.0
  K01608         282.061291667    47.0854916667    2.0
  K01609         291.405541667    40.1254888889    2.0
  K01611         289.075708333    51.7574388889    2.0
  K01612         284.786166667    48.4232277778    2.0
  K01613         285.476583333    41.6327166667    2.0
  K01614         281.272958333    47.7744          2.0
  K01615         295.3225         39.3764916667    2.0
  K01616         289.506375       45.3709972222    2.0
  K01618         296.047333333    42.7430111111    2.0
  K01619         294.99025        39.3463777778    2.0
  K01621         298.589208333    40.7506888889    2.0
  K01622         293.548916667    42.8888583333    2.0
  K01626         298.111208333    41.7583305556    2.0
  K01627         297.583125       41.9524305556    2.0
  K01628         298.39575        42.45975         2.0
  K01629         290.412          44.8993305556    2.0
  K01630         290.259625       45.3884083333    2.0
  K01631         290.280916667    45.4642611111    2.0
  K01632         290.592083333    45.7371416667    2.0
  K01633         290.983333333    45.9733          2.0
  K01637         299.05125        47.9492805556    2.0
  K01639         297.900416667    48.0947          2.0
  K01641         298.20075        48.2678416667    2.0
  K01643         298.11475        48.4944          2.0
  K01645         298.210958333    48.5591583333    2.0
  K01646         298.465791667    48.5594111111    2.0
  K01647         298.294958333    48.7754583333    2.0
  K01648         284.132666667    48.8251194444    2.0
  K01649         284.132875       49.1426083333    2.0
  K01650         284.296958333    49.1586805556    2.0
  K01651         284.616208333    49.1908111111    2.0
  K01656         293.625916667    39.5063111111    2.0
  K01658         294.192125       39.619           2.0
  K01659         290.493166667    39.7855194444    2.0
  K01660         290.241          39.9680111111    2.0
  K01662         294.132041667    39.9819777778    2.0
  K01665         294.171083333    40.0551666667    2.0
  K01666         291.019708333    40.1775888889    2.0
  K01669         290.6685         40.3977194444    2.0
  K01671         294.113083333    40.3629666667    2.0
  K01672         290.106541667    40.4906611111    2.0
  K01675         291.337208333    40.5582          2.0
  K01677         289.679333333    40.7004583333    2.0
  K01692         294.674125       42.0755805556    2.0
  K01693         293.259166667    42.1266277778    2.0
  K01694         294.014916667    42.1391916667    2.0
  K01696         298.775083333    42.3932305556    2.0
  K01697         298.822166667    42.3946416667    2.0
  K01699         297.12175        42.6733222222    2.0
  K01700         297.132666667    42.76825         2.0
  K01704         298.014458333    42.9574583333    2.0
  K01705         290.3265         43.1218305556    2.0
  K01706         296.952041667    43.2719694444    2.0
  K01707         298.023125       43.3635222222    2.0
  K01708         290.882333333    43.4717611111    2.0
  K01710         289.568666667    43.5386083333    2.0
  K01711         290.288458333    43.7553222222    2.0
  K01712         290.735791667    44.0904888889    2.0
  K01713         290.826          44.1841083333    2.0
  K01715         294.27725        46.6752833333    2.0
  K01716         295.021666667    46.6192222222    2.0
  K01717         293.577791667    46.7363388889    2.0
  K01718         294.168791667    46.7146111111    2.0
  K01720         293.644166667    46.9897611111    2.0
  K01721         294.789125       46.9839888889    2.0
  K01722         293.865625       47.0268277778    2.0
  K01723         294.241291667    47.2759833333    2.0
  K01724         294.326375       47.2176083333    2.0
  K01726         294.955083333    44.1498166667    2.0
  K01727         284.273958333    41.5350194444    2.0
  K01733         301.08575        44.3801916667    2.0
  K01738         291.748333333    39.4468805556    2.0
  K01739         291.650083333    42.7007777778    2.0
  K01747         291.418333333    42.5798194444    2.0
  K01749         294.36675        42.2526833333    2.0
  K01750         293.30025        41.5233388889    2.0
  K01751         298.607875       46.4536777778    2.0
  K01754         299.95725        44.7718888889    2.0
  K01760         294.943875       39.0320583333    2.0
  K01761         294.146833333    39.1270611111    2.0
  K01762         298.133875       40.5302888889    2.0
  K01774         284.861458333    49.0269888889    2.0
  K01779         298.482833333    46.7936222222    2.0
  K01781         287.605541667    49.5232583333    2.0
  K01783         289.341416667    46.9882388889    2.0
  K01784         297.646083333    47.1674888889    2.0
  K01790         285.371958333    41.9939111111    2.0
  K01792         288.971625       44.6245305556    2.0
  K01793         298.316708333    40.9961          2.0
  K01796         294.916125       46.9449777778    2.0
  K01797         295.859375       47.9395111111    2.0
  K01798         293.196208333    42.3706277778    2.0
  K01801         288.471458333    40.2697916667    2.0
  K01802         292.530791667    49.0617111111    2.0
  K01803         286.635541667    39.4886222222    2.0
  K01804         290.156333333    48.8189888889    2.0
  K01805         288.811916667    39.7706611111    2.0
  K01808         294.743333333    43.4612083333    2.0
  K01809         294.453875       44.1459722222    2.0
  K01812         290.1265         41.6010833333    2.0
  K01813         287.256708333    46.0667694444    2.0
  K01814         292.171166667    40.8113777778    2.0
  K01815         281.457166667    46.7464722222    2.0
  K01816         291.683291667    44.7516388889    2.0
  K01818         282.0355         43.6312722222    2.0
  K01821         296.752958333    45.0411          2.0
  K01822         297.940166667    40.2786277778    2.0
  K01824         291.38225        38.1274666667    2.0
  K01825         295.300083333    40.5565916667    2.0
  K01826         298.515333333    41.8912          2.0
  K01828         297.270583333    50.1218111111    2.0
  K01829         296.522416667    43.3633694444    2.0
  K01830         286.558083333    38.4053694444    2.0
  K01831         286.4715         49.6490222222    2.0
  K01832         289.835458333    49.8256305556    2.0
  K01833         285.602541667    50.1120416667    2.0
  K01835         294.325541667    46.00225         2.0
  K01838         289.62525        40.7087277778    2.0
  K01839         284.094583333    41.1828194444    2.0
  K01840         295.828708333    43.4254916667    2.0
  K01842         299.250333333    43.4104388889    2.0
  K01843         285.013125       40.22075         2.0
  K01844         294.356666667    45.1929583333    2.0
  K01845         290.548541667    38.4952805556    2.0
  K01847         291.516208333    42.2481916667    2.0
  K01849         300.371291667    46.4082777778    2.0
  K01850         294.613          45.0601694444    2.0
  K01851         289.248916667    47.6501          2.0
  K01853         285.104041667    45.0081722222    2.0
  K01856         297.078625       49.5020777778    2.0
  K01857         292.013416667    49.0191194444    2.0
  K01858         290.144333333    44.04995         2.0
  K01862         293.094          42.8964305556    2.0
  K01863         285.667125       48.7195583333    2.0
  K01864         289.438125       39.2703583333    2.0
  K01866         289.411083333    46.1308527778    2.0
  K01867         292.642375       44.0876694444    2.0
  K01868         290.708416667    42.23725         2.0
  K01870         281.582916667    47.2336305556    2.0
  K01872         288.313333333    46.7714305556    2.0
  K01880         289.07225        47.4070694444    2.0
  K01881         284.615708333    39.1310388889    2.0
  K01882         291.912791667    41.5336111111    2.0
  K01883         289.233375       49.9389305556    2.0
  K01885         296.754125       49.2087388889    2.0
  K01888         286.6855         47.0982222222    2.0
  K01889         286.273875       48.6187111111    2.0
  K01890         293.0795         43.0737111111    2.0
  K01891         288.447375       44.8016833333    2.0
  K01893         292.020458333    44.8762222222    2.0
  K01894         297.359291667    49.79755         2.0
  K01895         291.834333333    39.3073611111    2.0
  K01897         288.574416667    40.9886583333    2.0
  K01898         286.286          43.3204611111    2.0
  K01899         295.754125       42.5374777778    2.0
  K01900         295.906541667    45.8091194444    2.0
  K01902         296.876833333    41.0805833333    2.0
  K01904         296.547541667    44.9419277778    2.0
  K01906         296.6235         49.9791722222    2.0
  K01907         282.859916667    42.6657611111    2.0
  K01908         292.286041667    40.9135888889    2.0
  K01909         287.140666667    47.1151888889    2.0
  K01910         289.192625       44.1493194444    2.0
  K01911         297.401583333    46.824           2.0
  K01913         289.296291667    46.45795         2.0
  K01914         290.248083333    44.4352416667    2.0
  K01916         290.237625       41.3313777778    2.0
  K01917         291.534375       47.0425          2.0
  K01920         285.122041667    44.1106          2.0
  K01921         292.757333333    43.4269111111    2.0
  K01923         283.469375       40.1326111111    2.0
  K01926         299.252875       47.279           2.0
  K01929         290.0605         47.1639611111    2.0
  K01930         282.978958333    40.78435         2.0
  K01931         293.35175        48.4446416667    2.0
  K01932         295.933458333    40.3005722222    2.0
  K01933         283.596708333    45.4078777778    2.0
  K01934         284.969666667    39.3602916667    2.0
  K01937         283.7175         47.20445         2.0
  K01938         292.672541667    46.3774194444    2.0
  K01939         295.204875       42.5596805556    2.0
  K01940         289.352          46.9737277778    2.0
  K01945         289.029708333    49.7697111111    2.0
  K01951         284.510208333    43.9616583333    2.0
  K01952         289.861541667    43.4727722222    2.0
  K01955         292.678083333    46.7267111111    2.0
  K01957         297.79225        46.9358277778    2.0
  K01958         293.981541667    46.6877527778    2.0
  K01959         283.60525        39.9979777778    2.0
  K01960         291.960708333    42.4330111111    2.0
  K01961         287.571166667    42.8139194444    2.0
  K01962         284.234          40.7945388889    2.0
  K01963         290.607458333    48.3571833333    2.0
  K01964         290.703666667    43.6072083333    2.0
  K01969         300.4175         45.6055166667    2.0
  K01970         292.499625       46.3244083333    2.0
  K01978         288.011916667    46.1176111111    2.0
  K01980         295.181625       49.9457833333    2.0
  K01982         291.7115         42.3415          2.0
  K01984         298.493291667    47.0130388889    2.0
  K01991         299.184916667    40.4843722222    2.0
  K01992         289.199583333    49.3057222222    2.0
  K01996         288.668916667    39.8240083333    2.0
  K01997         281.663          47.5685805556    2.0
  K02000         284.183291667    45.0741          2.0
  K02001         297.021125       41.3771722222    2.0
  K02003         298.833333333    46.6545305556    2.0
  K02004         288.64625        50.7889777778    2.0
  K02005         281.898333333    42.1657916667    2.0
  K02006         287.346708333    47.7729611111    2.0
  K02011         297.255041667    40.5483694444    2.0
  K02013         291.418666667    39.1274194444    2.0
  K02014         296.050416667    42.1132388889    2.0
  K02016         290.601125       44.5563805556    2.0
  K02017         290.486791667    44.9326222222    2.0
  K02018         299.526          46.8992611111    2.0
  K02019         297.452125       41.5581277778    2.0
  K02021         289.220208333    41.7064777778    2.0
  K02029         299.8965         46.0519722222    2.0
  K02063         293.200583333    43.0500416667    2.0
  K02064         292.13525        37.8896222222    2.0
  K02066         292.591625       38.3996583333    2.0
  K02071         289.4445         41.3177611111    2.0
  K02072         289.358666667    50.5984805556    2.0
  K02073         291.243083333    44.0087194444    2.0
  K02074         283.161916667    45.1983111111    2.0
  K02075         290.102          48.2511416667    2.0
  K02076         287.477625       46.1411777778    2.0
  K02078         295.251166667    45.8429722222    2.0
  K02096         300.619708333    45.7889222222    2.0
  K02097         297.723125       47.1126583333    2.0
  K02101         294.709375       45.9695          2.0
  K02102         281.594125       42.5964083333    2.0
  K02104         288.749958333    48.2771666667    2.0
  K02105         291.871333333    44.0873777778    2.0
  K02108         281.322583333    48.0665027778    2.0
  K02110         294.468541667    49.3310194444    2.0
  K02111         286.28475        44.78155         2.0
  K02113         293.824291667    42.7797          2.0
  K02116         291.145166667    44.0625388889    2.0
  K02117         286.479333333    39.2699583333    2.0
  K02120         297.074666667    39.93385         2.0
  K02121         296.042333333    45.9851416667    2.0
  K02122         291.64625        39.3966277778    2.0
  K02123         301.542958333    44.6056111111    2.0
  K02124         295.288541667    49.3797916667    2.0
  K02125         292.464291667    45.9682888889    2.0
  K02126         291.808041667    38.6227          2.0
  K02129         295.463375       45.8127388889    2.0
  K02130         291.726208333    37.5289          2.0
  K02131         296.968791667    47.7514916667    2.0
  K02132         296.69725        46.3717111111    2.0
  K02133         285.672875       44.1167305556    2.0
  K02134         289.406708333    39.3388388889    2.0
  K02135         296.803458333    46.74115         2.0
  K02137         299.236916667    45.8347027778    2.0
  K02138         294.991791667    40.1444083333    2.0
  K02140         291.933666667    44.1155          2.0
  K02146         290.9145         42.2865777778    2.0
  K02147         291.771625       47.5299          2.0
  K02148         283.192083333    41.3053888889    2.0
  K02149         297.786583333    47.8861194444    2.0
  K02150         289.842875       38.3096          2.0
  K02152         288.280541667    46.3409          2.0
  K02153         281.569958333    47.3986888889    2.0
  K02154         288.308666667    51.4782916667    2.0
  K02160         295.48125        40.7319777778    2.0
  K02162         285.692          45.6893888889    2.0
  K02166         293.063333333    39.40345         2.0
  K02169         285.2075         45.38435         2.0
  K02172         295.164          39.2014083333    2.0
  K02173         297.292416667    49.9816277778    2.0
  K02177         286.367458333    48.4239305556    2.0
  K02179         293.674208333    47.9084583333    2.0
  K02181         301.342875       44.6722111111    2.0
  K02182         295.568          42.4782972222    2.0
  K02183         292.171125       40.9163083333    2.0
  K02185         286.002958333    44.7565916667    2.0
  K02186         285.9085         38.2127194444    2.0
  K02189         298.07475        40.9489888889    2.0
  K02208         290.543625       47.7258861111    2.0
  K02209         292.714458333    44.0823277778    2.0
  K02210         287.302833333    39.2896888889    2.0
  K02212         290.043291667    47.2579805556    2.0
  K02213         295.308166667    43.0444111111    2.0
  K02214         286.716625       47.4256277778    2.0
  K02216         287.2925         39.3832222222    2.0
  K02217         288.6425         46.2156611111    2.0
  K02218         289.388          50.59705         2.0
  K02221         292.5475         41.6429611111    2.0
  K02222         295.247333333    45.7574          2.0
  K02223         290.953541667    45.7195277778    2.0
  K02227         292.247791667    47.8784472222    2.0
  K02236         288.617916667    48.0984111111    2.0
  K02237         289.979333333    40.1428305556    2.0
  K02256         299.077083333    45.4406388889    2.0
  K02257         283.292125       45.4341083333    2.0
  K02263         286.97125        44.7083027778    2.0
  K02264         290.3485         50.90285         2.0
  K02271         287.297666667    47.4554416667    2.0
  K02272         294.153666667    46.3096805556    2.0
  K02273         294.911541667    46.4914583333    2.0
  K02276         294.958916667    38.5915722222    2.0
  K02278         291.607166667    38.4103888889    2.0
  K02279         295.422          38.7356916667    2.0
  K02280         290.4745         37.7666027778    2.0
  K02281         293.131083333    45.66355         2.0
  K02286         297.919708333    45.2741583333    2.0
  K02287         294.948583333    46.4386416667    2.0
  K02288         290.703          38.5670333333    2.0
  K02289         295.701125       38.9458305556    2.0
  K02291         282.033291667    44.4780083333    2.0
  K02294         287.153208333    42.4216111111    2.0
  K02295         289.545125       39.1644277778    2.0
  K02296         286.671416667    49.4062888889    2.0
  K02298         288.456041667    45.8021194444    2.0
  K02299         296.560083333    46.8574777778    2.0
  K02300         284.097625       47.8106388889    2.0
  K02302         295.8875         43.1560583333    2.0
  K02303         289.747291667    39.5234527778    2.0
  K02304         296.307916667    43.82135         2.0
  K02305         296.71275        48.2723083333    2.0
  K02306         282.284416667    42.1541888889    2.0
  K02307         282.14925        43.3785888889    2.0
  K02308         292.232416667    38.8922194444    2.0
  K02310         294.525458333    49.8724722222    2.0
  K02311         287.241166667    39.3327611111    2.0
  K02312         297.283125       46.9045305556    2.0
  K02459         296.435833333    44.6415555556    2.0
